0 1
154.78887676995137 15204.636311969265
315.253515122515 0.0
75.46383238198221 0.0
266.20260784352456 0.0
477.48758066234524 0.0
289.7622411387601 0.0
446.60785258718556 0.0
392.2231190183948 0.0
293.4971085059847 0.0
329.5416373023848 0.0
271.0027841954945 0.0
234.78213405169237 0.0
361.0395798088614 0.0
268.1481424589426 0.0
247.962879714041 0.0
106.63380962950386 0.0
257.98210941081385 0.0
190.761570724616 0.0
470.4854272940091 0.0
227.20112133896512 0.0
279.88331793187626 0.0
418.6969218935145 0.0
55.195116693129485 0.0
362.3898043952387 0.0
225.29071978781977 0.0
255.24644969381654 0.0
392.4756404413575 0.0
151.02290246638537 0.0
85.33039599595621 0.0
326.0122036792405 0.0
368.0415868960241 0.0
486.4622543940101 0.0
319.7298326236006 0.0
317.96902122885155 0.0
322.71660957900804 0.0
214.44865978438756 0.0
303.7418110063092 0.0
313.7751454655471 0.0
284.2711508240586 0.0
252.78647049015984 0.0
331.60657247489877 0.0
311.3760207398791 0.0
245.70413043902516 0.0
114.0545250486833 0.0
353.3811082014937 0.0
128.85695008995998 0.0
411.60963712387183 0.0
130.12515554726565 0.0
330.93344464298946 0.0
189.7382442743858 0.0
230.56084940367393 0.0
214.05963773735567 0.0
268.04893591917687 0.0
164.87970703709655 0.0
367.38744805924694 0.0
