0 1
190.1938138970718 6803.244492844239
220.18618947078633 0.0
181.06833581213908 0.0
174.1599929705611 0.0
150.9371532159521 0.0
190.70911870430425 0.0
197.8615826179627 0.0
85.94106926920804 0.0
220.4347027675181 0.0
158.4697149635549 0.0
235.2431541445818 0.0
238.98359642660998 0.0
192.86923663988514 0.0
256.80190936027054 0.0
203.67418523180854 0.0
215.2297824393556 0.0
195.9834332971788 0.0
107.9900734175506 0.0
203.66579976898225 0.0
193.34369146871754 0.0
82.67951953295231 0.0
223.99903153402667 0.0
192.33266210993781 0.0
238.97533726216884 0.0
230.58362523753652 0.0
201.14204714100538 0.0
231.88562840722437 0.0
208.04455394129482 0.0
88.61008290818214 0.0
165.24614782723847 0.0
142.54394008962643 0.0
211.00736301799762 0.0
261.5380924094469 0.0
84.61252554610125 0.0
228.97181715955088 0.0
197.32558283594892 0.0
