0 1
370.50898867905715 30952.76536352591
462.13329163989124 0.0
412.29580126474997 0.0
410.63742185941567 0.0
330.96090705876054 0.0
477.2903271128472 0.0
529.5255711938495 0.0
435.2576744771869 0.0
384.2173940548871 0.0
282.71983928412214 0.0
401.20500459460266 0.0
614.1720345825872 0.0
479.24852929225375 0.0
317.4496163139551 0.0
288.40342432391304 0.0
539.0899307865491 0.0
347.7621338705458 0.0
503.6523721044167 0.0
279.1758769451689 0.0
600.5738914905149 0.0
500.8548136905172 0.0
486.0163923979526 0.0
580.7971188743074 0.0
548.0091288892953 0.0
248.13756368358437 0.0
492.35684059713765 0.0
381.9491298176436 0.0
382.2025178263681 0.0
546.2214428712443 0.0
385.0537811034568 0.0
506.7972635005033 0.0
202.8266527056448 0.0
572.1606720130369 0.0
450.1218891851732 0.0
283.87806150111146 0.0
433.26258903652086 0.0
216.2677134881664 0.0
508.68928438990724 0.0
499.35241458427583 0.0
380.4470225615339 0.0
527.62167433574 0.0
570.1428059356208 0.0
375.880542666014 0.0
309.72758617090943 0.0
645.294107046873 0.0
584.3536219047512 0.0
440.33312760391266 0.0
507.68180366624216 0.0
458.43196174811794 0.0
454.7930700938324 0.0
639.7098166753974 0.0
548.8875610902301 0.0
414.3898273906025 0.0
318.13435566043665 0.0
610.3120115548444 0.0
600.0178154672624 0.0
425.8030494215453 0.0
137.58918697653286 0.0
554.1767400199316 0.0
411.7658863332573 0.0
494.8365196977377 0.0
333.3996420637807 0.0
624.0807937416743 0.0
183.4373988299193 0.0
379.996521031159 0.0
288.9367713789666 0.0
217.703331141489 0.0
531.1237353144618 0.0
433.8220139850662 0.0
195.7953645707596 0.0
448.4048041716839 0.0
214.49959219049055 0.0
