0
588.4304639024945
852.2201663414609
841.5392151970722
670.8001145454847
781.5631818533541
444.4047257222994
443.4458515569686
511.79150832687367
655.9045087504841
145.67656843543307
460.4452458130357
563.1751661994556
509.73646113182946
515.6688477902109
331.89749877588963
512.2602427760715
60.82738995006099
498.181994743639
520.1016128859816
809.3396819743377
457.636143158244
586.3502864627582
444.5760218456911
551.4965715947827
525.2019830422739
453.8667650438651
557.6730410106835
456.29921027627927
657.8274454036979
396.09902147831394
435.9803539216284
424.58906573429005
627.0608092891965
577.7086081678383
556.0140862242099
481.95274556500794
234.29019658992675
355.45418307587215
183.53770027217735
428.17916997093084
558.0809601624276
553.721968826332
416.0085970571645
390.483158163383
441.1541527787763
569.0916550280997
484.93416396852945
495.8837674225424
424.23166367349154
525.1765388471156
435.71383335957836
437.20043667274695
595.185255525158
494.0711210062424
