0
0.0
251.681292242999
0.0
330.3519276970473
0.0
260.3877935917304
330.7993369038242
171.10888620733226
0.0
434.8255290310119
0.0
0.0
0.0
338.2571765866158
0.0
253.91018467581858
0.0
247.98626496781378
0.0
0.0
0.0
0.0
170.69922059352405
148.5396972669846
0.0
0.0
0.0
0.0
63.15624567462544
303.6075801144972
0.0
0.0
154.24661505379686
0.0
0.0
174.9237002764437
0.0
0.0
0.0
0.0
430.4507073390916
0.0
67.72970339243324
0.0
0.0
258.96400518250755
0.0
0.0
0.0
0.0
0.0
0.0
0.0
0.0
426.08395087482495
0.0
0.0
451.23092968345856
0.0
67.1997268574836
146.0021156184149
251.77371687212667
63.30941742330924
0.0
355.43159827835206
0.0
60.47396618121115
0.0
0.0
72.1704114958211
0.0
0.0
