0
1708.6802240583668
1738.6689514948398
1539.763155079985
1680.9210198006742
1450.1409683188958
972.3557134528797
1416.428216061445
1304.2922157397911
475.1113192594983
429.705631182893
1302.9453008124956
1396.8012198687559
1409.3055985667863
1064.944633733344
1762.386273190299
689.208683895433
903.9220384545288
132.48307506658196
1446.2033209314707
1396.3629947048078
1542.0733698021656
1538.2011552835197
1602.7711372921835
1546.3553234845683
1536.025566324895
1298.3103751676226
542.1524439019354
1333.306297493418
1447.096329642169
1435.8093738611278
1203.089089265106
1497.827150961783
589.9565365546686
1611.017697729161
1785.7221236416167
1195.4001133786483
440.1580581592918
1627.202941017471
518.779439120695
750.0262482446783
1790.6241532305248
1537.449069955191
1337.4587345961766
1643.9922052643576
1302.133461225396
432.84685075073196
221.92651842542756
250.8786168083239
1454.3674797600177
1422.6779036750838
1072.392824967822
1571.365041127896
1157.4857852773969
1229.5985074534506
997.9882809817668
1759.20799935162
456.1548791651241
1444.0087712549569
1569.2049960480865
1315.4332131115045
1787.6471717741765
1531.787286887574
1519.0654265382343
1483.9446100772439
1681.4014925321183
1708.1969763996085
1402.1897745084175
1040.2389997545035
742.8505195526259
770.4085681691594
1791.4311762637135
1531.9344987142806
904.3962889952561
1371.8317319951118
1548.6270048590268
1113.274932307477
855.4053971921676
1625.3989763904121
1483.554713093582
1539.665458759313
1546.473625756959
1730.482873506121
804.7728402253931
1763.781663248729
1748.9381902494724
1421.3824485225557
1772.1482420030056
779.5705343148231
1219.1119894937267
550.3775204856064
