498 792 333 744 30 307 664 630 565
352 585 336 651 147 653 257 743 500 569
138 645 120 789 506 639 550 730 554 431 460 288
748 277 377 800 702 518 114 240 360 425 146
706 732 570 343 201 42 85 685 202 376 364
436 313 351 711 745 781 314 663 180 270 714
612 199 321 173 198 572 224 595 771 429
433 179 184 557 475 175 66 766 699 629 327
216 310 375 628 447 522 638 296 785 567 154
62 604 393 494 753 350 208 496 487 658
7 68 668 467 597 306 165 56 49 734 18
191 738 48 330 312 271 543 545 439 119 172 255
616 491 676 773 186 339 798 234
91 737 20 37 357 99 400 278 153
228 130 123 716 338 546 115 88 315 96 656
222 370 63 299 223 2 778 774 691 644
74 398 763 221 158 408 61 242 754 29 386 411 407
254 479 457 125 17 790 239 760 157 326
710 140 388 284 430 409 250 780 650 160 387 541 151
503 573 225 1 108 746 680 512 286 721
593 736 576 558 720 609 318 420 497 10
505 681 508 637 53 293 539 555 272 648 724
372 607 188 156 324 219 331 788 675 397 361 385 117
493 342 509 531 383 292 454 82 97 634 767
33 627 442 127 90 31 405 354 189 54 194 238
79 577 626 741 81 729 95 394
177 44 3 161 35 348 309 112 365 739 171 227 468
574 797 122 514 75 190 526 294 548
583 641 528 696 71 611 241 205 599 260 704 207
536 661 24 581 579 510 295 700 756 229
673 155 245 562 782 613 679 480 473 337 485 340 540
701 488 197 445 564 682 50 261 712 58 182 482 8
28 72 444 401 551 36 466 362 559 283 109 556
347 5 606 415 203 693 102 170 683 646
137 617 417 584 410 356 23 438 502 677 136 166
489 418 276 519 253 532 311 22 78 6 649
176 304 195 259 533 733 768 623 464 67 777 527
129 27 134 786 187 192 11 448 287 86 104 717 419 392
544 126 594 305 483 110 281 566 183 529 534
779 750 690 168 251 515 252 367 60 426 152 174
374 495 592 21 759 212 267 657 163 672 492
530 469 209 300 107 32 582 799 795 689 669
162 520 549 148 422 708 164 441 513 345 185 52
740 368 55 462 16 791 382 755 481 602 437 159
369 335 718 328 765 15 507 688 144 458
793 603 353 268 214 671 619 384 291 705 635 427
211 98 625 571 640 39 588 621 719 200 504
145 620 470 131 139 359 552 643 406 275 446
698 302 727 57 113 465 181 758 47 344
378 421 87 598 655 484 215 322 547 285
297 41 796 213 358 303 103 474 490 230 380 537 178 135
471 453 349 614 769 263 586 9 402 560
424 776 516 622 391 450 12 258 596
501 132 608 280 752 143 692 478 605 459
93 476 416 674 316 59 783 610 167 403
615 269 726 279 106 553 246 264 193
366 600 601 670 196 678 784 684 355 742 118 325 34
440 334 794 237 636 232 772 46 379 124
463 757 517 665 435 775 65 486 542 121 248 631
511 762 290 423 274 80 428 236 472 26 591 210 525 329
231 749 298 101 141 243 578 618 150 266 25 713
461 722 204 244 725 363 568 220 521 265
695 381 341 128 703 659 396 456 76 247 434 563
217 83 40 51 218 735 455 317 404 84 697 105 235
226 13 262 666 111 301 373 399 770 64 535
249 45 761 687 389 660 395 4 707 589 414 709
632 723 538 256 100 43 523 282 94 686 38
319 451 449 70 694 667 332 133 320 590 452
92 14 346 412 624 73 289 69 273 652 19 371
561 233 169 206 647 323 715 575 524 89 587
308 764 662 116 77 787 747 633 499 443 580
642 477 654 149 390 142 413 751 432 731 728