170 316 53 140 264 83 202 80 1 242 340 384 178
138 218 216 10 317 24 359 324
388 314 375 278 151 262 110 393 339 234 233
13 386 243 273 190 16 380 293 37 367 210 249
94 358 351 14 248 157 392 18 332 348 123 300
334 227 398 197 15 327 82 369 329
84 292 241 101 58 93 306 370 272 331 256 17 51
270 357 318 294 361 32 277 271 81 19 169
35 289 175 59 2 5 121 50
177 187 285 148 192 390 320 29 144 20 71 235 382 282
168 304 342 65 21 87 230 378 173 346 131 353
377 75 350 222 114 237 238 265 139 22 23 196 132
34 221 25 49 354 257 167 307
376 291 394 120 27 217 189 137 130 76
28 290 64 266 158 154 209 57 60 226
136 66 255 3 387 374 112 299 231 267 160 344 98
336 296 399 31 174 100 305 356 254 371 239 365
250 122 69 119 41 102 128 129 366 74 47 33
287 303 147 97 379 36 134 67 201 363 77 70 279
260 326 364 153 253 219 38 96 191 323
106 204 383 79 275 52 211 312 373 207 396 39 145 395
274 166 4 184 117 360 268 372 48 150
86 90 244 43 142 391 163 302 288 185
347 397 284 322 195 283 152 135 126 297 345 68 229 44
251 159 46 247 333 208 223 286 212 321 55 113
281 118 343 6 30 205 149 308 62 252 198 200 12
155 301 328 99 246 352 176 295 61 232
341 389 263 385 103 183 330 156 63 182
298 108 311 319 7 245 355 124 85 335
164 72 309 171 127 225 315 259 109 73
172 116 125 280 261 325 78 181 220 91
362 45 162 338 26 240 141 56 214 92 8 400
349 179 206 165 381 115 105 111 88 228
236 224 213 143 89 194 193 269 161 313 199 180
104 11 42 40 54 9 186 107 337
188 276 368 215 310 146 133 95 203 258