0
2100.978796581069
2249.8770147603664
1792.8614560949877
1736.909081052722
1650.2013052567504
659.462455430269
1209.7300408317028
2079.3430944463635
0.0
6.774617815850064
877.4738612738346
2324.1007917189463
1604.8969515367241
499.1605270298759
2867.0013188883013
46.31869229537307
743.9760770004725
0.0
1203.5213851604067
1217.4762222999138
1860.8100408804846
1313.4681812785843
2959.0120339286914
1252.3774706459299
1945.1405666630299
1306.3069351571544
113.17040666618817
940.0074886071131
1030.1648920361395
1724.054373554284
431.34513889611435
705.6175240616915
47.91457134101216
1240.0494622616898
3375.4096181844593
665.0793790980865
0.0
2580.4713336455484
25.822340288820214
56.16522221400828
4926.932132419122
2297.6628599815813
1046.0901677745198
2692.9098832102445
781.6562844311488
0.0
0.0
0.0
1684.7823923832582
2115.234073264569
577.6853960342935
2184.5659911120756
1410.1674139089341
2061.206989871265
200.83579468721894
1319.3362494572739
0.0
1321.131911870908
1302.7614293791994
1111.7431857379634
4090.13321149737
1317.4288621390635
1808.672099972899
1988.5000680904675
1414.1869509211388
2359.807852844032
1330.5595470169105
680.9405418287984
95.69565174348807
0.0
2201.475930355571
1346.4375483728365
341.4777108582766
715.6244500595878
1765.4834580438867
391.7480497288324
234.30395092632693
805.0615150884487
1226.83394747138
754.9407974664218
1410.4842306890077
4072.583283363568
210.2284274812788
1712.924142214418
1995.52475562762
1394.456978684529
3995.9619471300966
204.06614422574575
1337.702129312307
0.0
