0
1701.57009939398
1397.2158959785843
1630.8827178582474
1238.2021504754766
1618.725845644664
1575.8621051051355
1565.5432646614292
1763.2755725685936
1511.1352037564832
1733.386273190299
1626.2273291455463
1584.5861743744642
1729.560981987124
1542.2334124585984
1395.5995503309045
1802.4025723206719
1458.5372045918796
1256.0475920832573
1541.7185850116757
1705.4086115921316
1203.4434778162765
1320.0784869413226
1557.3802107086967
1494.2725937273917
1656.8539350996568
1482.05551275464
1680.4332283585022
1751.2692556258871
1567.4160022998112
1713.0
1289.6586333718788
1336.854381180613
1728.4007575648882
1495.3892983036728
1744.7464284904402
1554.9016994374947
1376.6637220029331
1684.7945146092325
1106.3415897386499
1624.6218777046495
1658.509978033369
1497.458495049956
1502.6424098460564
1800.0556004865769
1320.8429517708369
1711.4926302623287
1761.0376140590686
1467.8429641760988
1532.365041127896
1603.5086454204124
1397.8276062201037
1741.790761482622
1406.6483428393715
1057.1311425102624
1743.2313575779424
1230.8480269814138
1676.3113130852414
1745.8099375048369
1696.5761999543756
1211.9603112095235
1133.9445673752841
1639.771230420291
1468.1248781675256
1643.5801980320114
1494.2065578726433
1373.3140759171206
1748.8220007122827
1436.8442348974977
1320.0260793901825
1806.3618473106756
1406.7733784913246
1413.4445779913565
1568.7051156782109
1372.2220510185596
1691.275366741123
1317.664226027109
1771.4311762637135
1417.5297585840203
1660.0785969261735
1019.7616770627966
1647.1557653803452
1820.380087305114
1661.7156809750927
1383.041662146525
1681.1484316065087
1653.142135623731
1769.1172763517134
1618.202941017471
1466.420701032555
1477.8130908378162
1624.842557369765
