0
1191.5649295634096
1315.3004945380399
1503.627685209281
1578.1316098252128
1216.4277132676837
1561.6793099931094
1450.283242123023
1576.5888139636336
1379.370938012908
1451.391880215068
1253.8301244432607
1415.4862657411586
875.0151756357594
1330.9690284114558
1138.552877157871
1358.3165627396154
1452.274526736461
1582.0345346275135
1638.0401258479005
1398.616727296394
1223.2455444620218
1465.8984944427455
1574.1134638941019
1535.0028248362155
1479.2098768059082
819.5438055596015
1611.653585469837
1249.6703456615644
1514.7448373350069
1617.062903245359
1675.8017974931035
1648.7253757350823
1663.2608159355104
1401.284497086821
1463.9611329316313
1357.6718419343117
1331.474642500591
1486.257659525078
1452.851814644929
1317.1735245181133
1663.3584229941057
1379.8022816303371
1400.0741716336638
1440.7549995305235
1216.111840574539
1634.93579604942
1370.1676910651288
1290.4820131225922
1371.23369629346
1291.2228850698339
1638.332247781498
1285.647446484288
1075.5571698216481
1240.2488720757515
1591.4360564627366
1045.391303494991
1486.6091762514616
1601.4180659543947
1591.2076942277622
1529.4563877583691
1336.4875585269956
1367.4586795342436
1519.6383590251044
1612.5519479592765
1638.9304146101117
1472.6863393093167
1345.2295657834336
1411.4698318647925
1488.8347465775223
1360.2219171559996
1439.8577172923744
1416.5408313562878
