0 1
235.3604777756772 7533.053726455849
196.3185035873337 0.0
81.96713152915973 0.0
268.93310348663147 0.0
203.10393866737815 0.0
137.3296449458453 0.0
323.7232008019144 0.0
187.81084328558623 0.0
158.5165111324798 0.0
211.21086065900423 0.0
243.49195133060005 0.0
233.96474891565015 0.0
228.40187231348892 0.0
195.69171302524273 0.0
221.90143143355272 0.0
217.0348703958508 0.0
238.8767217060669 0.0
159.31891388842052 0.0
214.44423348375238 0.0
258.91867499107525 0.0
210.1743962383252 0.0
229.9432638922922 0.0
243.0058926008699 0.0
203.66579976898225 0.0
146.00966678587255 0.0
201.3678046566843 0.0
263.64873204805633 0.0
228.7219145316053 0.0
226.87656097826357 0.0
142.20561793394688 0.0
298.425946880976 0.0
289.0771605954003 0.0
91.46949430616664 0.0
172.12723747801655 0.0
220.28254384558892 0.0
149.73234656008987 0.0
