0 1
323.1248068998891 42163.45936686909
605.0975182446927 0.0
169.42259697624047 0.0
353.21176298917595 0.0
427.9933640144685 0.0
360.31124127874807 0.0
164.31525630409078 0.0
366.4454514566928 0.0
335.1113192594983 0.0
326.1957395463587 0.0
335.4714395386611 0.0
346.85915799937226 0.0
495.7080761763476 0.0
479.15095084253073 0.0
356.02344293973107 0.0
575.9280174041868 0.0
413.4356565465131 0.0
42.48307506658196 0.0
152.68193577106385 0.0
555.8782335473512 0.0
390.05532518632515 0.0
513.0778052176922 0.0
465.08197829144285 0.0
183.97785283863868 0.0
430.9437431563644 0.0
539.6129307398048 0.0
328.98203723574727 0.0
293.298808886305 0.0
316.9314376060295 0.0
257.4641638906953 0.0
671.7439503689917 0.0
723.6726649864497 0.0
445.51509011869945 0.0
270.9682354674711 0.0
592.9480551068543 0.0
430.32073428056185 0.0
340.1580581592918 0.0
194.23503219013332 0.0
402.1701452502736 0.0
598.5520218127068 0.0
584.5124876059828 0.0
452.72603357374805 0.0
399.7706532600093 0.0
600.5937131353193 0.0
483.8053190098217 0.0
322.84685075073196 0.0
111.9265184254276 0.0
140.87861680832387 0.0
616.7505332652933 0.0
545.3406680355167 0.0
695.5499519579602 0.0
351.2517188765332 0.0
482.3913586546097 0.0
628.7023890557614 0.0
701.4207457060753 0.0
655.1381847731919 0.0
336.1548791651241 0.0
356.35522771094816 0.0
575.3239357050601 0.0
725.2477409449575 0.0
561.8977833620969 0.0
182.74083400469212 0.0
628.3623383745562 0.0
556.2822627407481 0.0
552.200544202475 0.0
482.96325133152516 0.0
615.4952069601302 0.0
617.3158484496303 0.0
574.7906912258767 0.0
650.4085681691594 0.0
534.101974004888 0.0
582.9843268238021 0.0
521.6314838171605 0.0
540.2759826911714 0.0
598.1474360791267 0.0
605.5806547296539 0.0
505.2014107839291 0.0
690.3374613019635 0.0
622.5248417155539 0.0
658.5004577035767 0.0
368.03741323389426 0.0
653.3096877123103 0.0
546.5751143237013 0.0
738.4140744424321 0.0
735.8380786704342 0.0
473.571616840346 0.0
696.1362747808083 0.0
474.9797919313413 0.0
443.2297959634236 0.0
410.3775204856064 0.0
