0
2155.3686841299846
867.3473504300024
1231.8177488400972
954.8187609151454
1078.5318999571123
1198.989355319017
1515.4431595490973
900.2797398302926
1327.5255645513878
755.5570599792669
789.4319977775418
974.1296154519024
1912.486198224717
977.7510192192755
382.4774885270158
1043.7940907090451
1960.667159418284
1215.6051267567732
1888.8689576051324
1647.7089935988574
1304.7516444526343
1107.763918466927
1246.1882346494338
296.0415358938994
426.38854623612417
664.3227681540459
898.7407723403512
462.1500763647227
1267.978089737013
1100.3486949024207
2135.974314292749
1974.3793730136285
1120.3374222075527
1143.122990366982
1581.7102391073613
2392.879634545854
