0
2566.3343435403667
3166.9342435138196
5953.036828623958
2957.512061907157
4611.9424813830265
2630.5330928670114
6539.948530689661
8992.887073693417
4899.644147541106
5625.904278314231
4921.142211137758
6770.18893636054
4826.712252410878
3912.815394281646
5538.274447103286
6093.563874284157
6380.462262964909
1576.5209356469054
3030.137012535631
3035.3732184281535
2908.55138301039
2063.3470909898065
3513.5841504774985
3724.951976832126
2661.9848943146008
6097.144231289009
6836.6268350853115
7456.893330358185
7883.099898783839
6526.837900388871
2948.7268557655293
4506.774736365114
5247.027897943621
3429.829039374811
3572.6781674148892
3260.0323959723783
3500.751392280229
4509.405693472632
2060.2551094257515
4660.511296499239
6352.939361662406
6971.048589130067
3977.0949279217393
8206.060898121379
5270.271216200101
4673.897478159215
4200.699368889858
3857.258369076717
4806.281519235481
4920.91147328894
3984.242027033577
9017.098363254709
5122.86604610946
2356.152096154362
6156.477316396289
4014.1997620587445
6107.292521209857
4854.002098207513
4863.750037986833
3618.3761584716053
1574.4981065899826
6195.286912038264
3618.5742801577658
5073.881034266899
4940.978317306921
1647.8315226072007
4434.0431012333565
2854.9758896853655
2536.8620285459347
6894.673138199038
8063.810072248169
1648.1064885645783
6809.8713280708225
3132.1305666454127
4353.640908458217
3899.1503075268065
6021.251272540676
4259.530935314839
7625.955851553917
1160.3688562310176
3113.406312547124
4451.029942851723
3080.553483397828
1247.892183185934
7689.813218567684
11953.46011674252
6784.986771101774
5712.127039938913
3798.115789467011
4629.251558847091
6754.784930426637
