113 5 10 193 46 128 106 167 34 95 158 2 175
170 134 50 156 112 168 79 29 87 42 123 48
114 159 38 150 22 151 16 140 187 142 111 63 56
133 26 152 40 153 169 89 105 15 59 198 14
93 55 58 185 132 7 181 117 104 161 49
32 171 65 86 115 94 51 174 136 189 91
101 144 119 166 35 126 71 9 1 99 53
118 83 143 176 36 33 121 165 188 108 17
68 30 120 19 192 196 97 96 130 28 74 149
57 60 180 84 191 125 4 82 72 190 90 67
62 102 146 44 184 135 37 199 138 81 137 183
177 157 98 8 3 88 186 127 54 18
109 179 73 129 43 13 155 78 39 107
148 103 197 124 141 69 200 70 12 116
45 27 154 24 61 100 64 173 178 76 131
21 23 182 75 163 194 145 195 52 92
20 41 85 80 31 25 172 77 110 162
164 66 47 160 147 6 122 11 139
