399 38 221 254 311 37 240 212 98 331 273
92 396 340 115 367 267 15 327 33 334 277
58 75 211 161 238 349 318 140 169 361 393
97 266 226 163 20 105 310 119 191
36 95 67 50 31 258 366 101 237 158 290 8 376
186 383 150 245 217 369 178 120 222 121 398
155 390 132 197 74 293 215 102 48 336 175 70 66 22
99 156 96 113 265 342 230 42 68 146 228 343
184 164 313 77 242 47 141 370 207 219 172 72
213 177 181 297 380 385 91 34 317
114 10 195 110 345 109 271 364 1 5 347 204
378 171 21 326 249 112 192 351 387 187 63 182
162 87 389 152 82 305 289 280 225 321 241
269 44 287 255 25 73 134 377 145 323 142 131
85 168 118 65 52 170 123 138 26 224 53 180 159
14 232 40 372 392 253 275 251 62 78 167 59 17
147 263 79 122 29 220 183 298 94 45
125 282 259 304 306 203 103 28 359
329 193 325 209 130 148 358 84 153 262 201
154 384 261 166 314 124 231 300 339 137 268
307 330 324 151 373 56 374 49 276 107
13 368 218 395 54 88 223 176 248 274 365 83 81 60
185 302 341 382 174 294 394 272 129 11 86 208
346 199 264 24 30 260 320 281 362 233
316 243 179 173 352 285 319 18 126
308 337 379 160 312 257 388 301
332 190 206 235 89 4 239 279 291 111 309 188
299 335 371 200 397 6 7 69 333 41 104
139 71 51 292 27 303 198 354 19 61
196 127 165 133 90 360 108 3 344 348 2 284
270 55 236 247 80 16 244 216 227 386 128 46
328 116 286 57 246 356 157 350 234 338 64 229 100
144 143 296 256 23 76 32 363 214 357 35
194 278 381 9 322 135 315 202 283 12 93
250 106 252 353 43 205 189 149
391 295 288 375 355 210 39 400 117 136