450 149 29 503 744 631 683 598 10 133 495
697 379 582 156 474 203 274 147 486 737
230 532 509 129 395 386 677 359
431 341 141 471 407 769 427 636 48
346 584 573 496 708 428 492 591 110
199 249 522 271 440 60 337 411 380
547 279 577 35 604 389 208 719 773
439 564 68 65 623 176 143 609 286
543 145 652 670 682 675 103 384 161 364
646 576 21 581 324 207 125 363 295
313 433 47 174 100 107 20 173 49 696
644 505 312 57 15 724 355 11 586 456
45 506 686 642 621 19 551 261 596 158
555 198 226 369 245 97 400 177 34 761
287 410 516 635 637 779 662 485 247 784
385 676 470 730 768 502 126 64 22 785
562 319 301 482 653 569 420 745
542 525 121 238 140 248 666 27 326 483
749 587 594 195 688 622 455 799 462 266
778 541 332 30 575 310 211 733 583 399 305 365
657 275 473 739 260 387 16 5 150 797
282 601 196 593 136 536 178 25 205 612 459
528 316 758 225 783 38 634 435 504 300 343 685 390
534 432 163 2 42 272 701 546 398 480 254
229 130 692 391 335 392 436 162
237 426 17 302 113 112 608 172 46 255 188
734 13 6 283 729 148 381 453 466 336 264
574 458 159 409 243 438 571 487 680 782 351
452 342 738 79 552 85 488 330 615 154 213
570 702 798 796 315 751 135 776 234 640 239
190 650 460 559 539 533 383 592 757 81 169
318 520 508 23 87 617 88 66 425 800 350
736 548 314 320 669 632 752 54 323 563 727
762 544 252 445 705 718 128 265 253 434 595
235 498 115 246 80 98 240 673 327 12
356 344 629 329 382 624 413 558 58 515
360 641 31 204 794 626 706 233 371 53 605 501
437 73 766 690 236 349 507 331 457 472 71 191
303 197 179 613 526 493 691 771 192 556
244 638 375 372 475 550 659 469 74 221 370 396
764 645 671 142 105 513 441 94 572 553 416 663
668 524 334 224 322 643 423 171 514 767 83 500
202 648 28 647 307 654 259 667 693 294 658 510
467 765 215 743 131 4 741 321 184 33 451 597
412 674 679 122 444 242 353 735 1 41 725 241
728 710 655 120 354 401 610 742 763 268 523 111
618 181 200 489 277 422 376 442 430 709
368 463 723 134 153 292 566 402 607 40 297 91
175 210 89 454 345 325 791 424 39 201 276 118
258 104 220 589 231 296 403 715 490 119 468 209
603 168 664 545 606 56 698 44 461 185 625
160 530 317 711 588 760 561 251 499 102 214 731
772 759 62 95 69 419 628 756 518 269
417 408 263 517 722 694 139 665 786 684 333 293 116
270 554 707 700 228 182 347 289 164 109 357 377 278
165 446 661 75 194 212 309 793 273 477
418 560 61 378 77 123 579 478 311 218 63
32 616 393 620 449 585 388 51 166 72 781 183 216
732 619 406 775 511 565 712 186 429 602 146
36 568 78 567 152 306 223 9 600 687 284 55 367
267 651 59 447 101 362 695 232 397 374 414 630 43
262 497 86 716 557 689 340 788 538 404 124 304 82
713 288 549 774 614 720 746 227 590 14 529 26 96 443
99 93 704 521 394 114 358 373 37 790 714
90 494 681 537 599 740 540 92 339 481
108 421 155 580 789 206 361 217 8 699 405 180 726 464
770 777 465 672 747 633 127 348 611 24 535
755 67 717 281 222 138 70 219 656 512 106 352 7
3 52 366 660 780 639 578 476 678 250 290 167 491 787
187 50 527 338 285 280 18 448 531 649 137 308 117 795 84
193 484 721 754 170 291 257 189 144 750 298 328 748
76 132 479 151 703 256 753 299 792 415 519 627 157