6 132 14 79 93 146 170 19 193 73 149 63 162 78
169 61 198 91 145 148 116 95 83 110 178 36 131
100 37 9 12 59 143 188 29 21 89 66 67
150 187 163 28 171 130 96 42 2 76 34 175
153 47 43 180 136 3 124 15 183 196 102 48
107 177 65 99 94 151 112 50 157 33 139 82
194 55 117 38 32 23 74 52 31 106 70 119
156 7 179 18 68 44 90 103 200 39 49
54 121 155 115 144 11 71 105 69 191 97 174
172 197 5 62 26 159 46 138 186 135 120
20 122 35 164 104 25 10 77 181 141 185
166 165 85 45 56 108 114 86 81 158
128 168 53 101 192 160 109 189 125 173
24 152 184 190 51 111 80 27 167 126
140 87 88 176 113 58 134 17 30 64
84 199 127 118 137 123 13 75 60 1 8
142 182 57 133 147 40 98 161 72
4 92 154 195 41 129 22 16
