0
853.8552955459095
1096.7594534634695
1047.2385120867875
992.6313081100207
1001.3766385365573
1001.0867927612304
896.3014581273465
830.2490704213988
1072.9177618965366
501.68780594300864
958.913380882863
945.8465843842649
821.4306508127291
989.0114307261924
697.2209114600558
1016.0267688212919
345.0135110466435
961.7090399240778
956.7078889120432
1159.832975677895
937.4358042380899
1069.7185461430047
951.8329756778952
885.5473687340472
1067.0422472365176
966.3486140871476
943.655275079188
1006.656806337457
1128.4746879261902
845.0096144957834
956.2954979770058
791.2781700167648
1108.115133809824
1080.9289967856282
925.8523301015605
820.4046107978426
663.2769256906871
978.1632828099882
672.8053450525078
903.3185703444475
954.4187739518688
1014.831733752985
1090.9243367957752
746.4027836205219
882.660360037872
1009.4127316607517
1011.3222456700906
867.484937025383
922.9470908964968
1099.4589974704177
1022.9618004888797
956.1272290256045
988.7356114997954
1124.5935853571232
