0
1076.1721390133557
50.31681454058963
8.395012197201368
765.7000964948331
783.9937908532054
839.3471261986597
461.6977877466503
1266.6671214592818
938.4917326853111
845.3154193601944
1221.8593828506469
857.3223299512812
1044.9659574600018
516.2711236248822
321.14970707620313
565.5317154310926
1261.4050691820148
1.5997637931274653
616.0118268965543
34.50356113244612
606.978931747839
1684.7349087447471
0.12339800655632871
1527.6227819976884
1197.0688548544845
838.7929994862427
1269.498574323171
242.09384719927303
0.0
1292.1972312795406
498.10640894789896
1237.0485695555835
1291.2245394860424
501.72099382787974
0.0
1469.463299406202
308.1734824461058
1226.9367758851495
632.3290749092881
1346.554996894139
654.8639437909784
614.1948037450395
115.12275347386293
34.12185735747114
875.4171497513877
0.0
1763.8624951030838
22.205648606851412
380.456000713167
0.0
1018.6648633881971
2872.984778223183
0.0
1625.1028046225579
921.3498764510721
