0
1310.0372462962603
1240.1580581592916
1642.0829830787254
1736.996014468072
1129.0575770924727
1530.7377339570985
1518.436489309335
1673.2835273791343
1482.677243021506
1307.4220495848347
1423.4163661031369
1790.4839180743663
1613.1297407032919
1813.880543126993
1571.387451133494
1647.9545418418809
1628.1696175008997
1357.0459463181728
1536.476908873185
1297.6973179823603
1788.114578981012
1227.8945826792349
1296.8642353001778
1505.6521033095044
1668.6068122301635
1750.615283266974
1090.2424400777004
1565.0459520211493
1696.5815667960107
1527.8973925838689
1007.2244392409033
1125.2180521473965
1275.381967672877
1152.9738887799483
1408.1036966953961
1773.6154432004448
1756.2232726186228
1524.97759409863
1739.254776275002
1312.5395152372603
1247.6520744045426
1265.0316285822291
1328.5477182761886
1576.6610347259073
1256.7778681815732
1765.462093787573
1670.7144044586394
1415.9540622141687
1185.8157634573256
1406.3813758508325
1443.8398787020606
1689.5901717740608
1790.3484515059515
1245.364000744677
1620.3492443994965
1818.8979772151179
1540.7883748689542
1452.399317028341
1581.2295091596964
1432.9258704706
1163.6393731979517
1568.538074135236
1730.4085681691595
1103.9863604350398
1519.918278526738
1486.360104213907
1772.7724331250063
1041.9677897950241
1551.3776268494764
1518.7530264044503
1742.9161648885251
1816.8928972373546
1679.8191741397018
1505.1053933394464
1319.4487075188895
1546.6483946840522
1628.5670134619147
979.1497146376391
1813.054412334413
1688.1857256025462
1643.617027217001
1779.6151173574476
1265.5586082251355
1777.3613928818772
1823.0550365671313
1646.3335272614706
1319.4975102519256
1610.7405116472585
1753.1174927311208
1435.6488156956937
