0
299.2537938030533
23.965552934608297
0.0
217.32409817987917
177.60825734060495
299.38904461325257
171.40884055542114
4.703922781677704
70.18611253148381
116.72308834406732
369.3881544200896
304.89804859917297
263.7134100709099
299.7519520772737
200.0005845548998
285.79539392448015
208.32587940111688
327.2903807473536
255.9360829243984
97.6140397343761
0.0
231.83074520685219
18.547101810941598
0.0
45.375015256471755
290.84016823727717
351.93892405878626
261.8838520529487
74.20266903761797
14.132043199579641
151.72609662371065
182.8040745712263
81.53050569383336
338.6205640459726
377.61441675982365
24.954253326527777
