0 1
381.5649295634097 23824.165776555154
163.6192022950409 0.0
423.6276852092807 0.0
257.7796821281654 0.0
226.4277132676836 0.0
311.2915164013791 0.0
219.48390521919885 0.0
415.4799277563012 0.0
389.37093801290797 0.0
116.56635118405613 0.0
263.83012444326084 0.0
335.48626574115855 0.0
155.01517563575942 0.0
182.71185182484007 0.0
148.55287715787105 0.0
204.40637806379695 0.0
282.27452673646104 0.0
434.04826965969954 0.0
468.04012584790064 0.0
498.61672729639383 0.0
323.2455444620217 0.0
475.89849444274563 0.0
233.41424330057737 0.0
396.463127569231 0.0
399.20987680590804 0.0
99.54380555960142 0.0
441.6535854698369 0.0
439.6703456615644 0.0
371.5885916603814 0.0
413.45532313086176 0.0
505.8017974931037 0.0
478.7253757350823 0.0
429.0142008817135 0.0
501.2844970868206 0.0
383.9611329316315 0.0
192.7481416578682 0.0
251.47464250059096 0.0
226.25765952507786 0.0
462.85181464492905 0.0
237.1735245181131 0.0
242.90771565501421 0.0
389.8022816303371 0.0
252.3444682412307 0.0
360.7549995305235 0.0
316.1118405745391 0.0
295.97179086691233 0.0
380.1676910651289 0.0
300.48201312259226 0.0
471.23369629346007 0.0
391.222885069834 0.0
378.3322477814981 0.0
385.647446484288 0.0
265.5571698216482 0.0
340.24887207575176 0.0
265.3521055879115 0.0
235.39130349499095 0.0
316.60917625146186 0.0
250.18713627093595 0.0
511.2076942277619 0.0
202.25666090088552 0.0
110.48544290858067 0.0
215.6849626621168 0.0
376.32894160179524 0.0
442.5519479592767 0.0
293.4988163317598 0.0
392.6863393093166 0.0
294.7555996022225 0.0
421.4698318647926 0.0
408.83474657752225 0.0
298.0515056601783 0.0
449.85771729237456 0.0
426.54083135628775 0.0
