0
1337.4472844340808
1365.3650845966322
1055.3070483528072
1254.159992970561
1289.0370243444252
1090.7091187043043
1007.8615826179627
1030.11559680468
1390.4347027675183
1058.469714963555
1495.243154144582
1498.9835964266101
1160.9049935487253
1336.8019093602707
1283.6741852318087
1295.2297824393559
1275.9834332971789
1097.9900734175508
1103.6657997689822
1273.3436914687175
1039.0739682574886
1213.9990315340267
1272.332662109938
1228.9753372621688
1130.5836252375364
1101.1420471410056
1041.8856284072244
1464.4397603418774
988.6100829081822
1245.2461478272387
952.5439400896264
1291.0073630179975
1341.538092409447
1164.6125255461013
1218.971817159551
1338.7267793087758
