CUST_NO  XCOORD   YCOORD   READY_TIME  DUE_DATE     SERVICE_TIME    VEHICLE_NUMBER
 
    0      40         50           0       1236          0              25
    1      45         68         912        967         90
    2      45         70         825        870         90
    3      42         66          65        146         90
    4      42         68         727        782         90
    5      42         65          15         67         90
    6      40         69         621        702         90
    7      40         66         170        225         90
    8      38         68         255        324         90
    9      38         70         534        605         90
   10      35         66         357        410         90
   11      35         69         448        505         90
   12      25         85         652        721         90
   13      22         75          30         92         90
   14      22         85         567        620         90
   15      20         80         384        429         90
   16      20         85         475        528         90
   17      18         75          99        148         90
   18      15         75         179        254         90
   19      15         80         278        345         90
   20      30         50          10         73         90
   21      30         52         914        965         90
   22      28         52         812        883         90
   23      28         55         732        777         90
   24      25         50          65        144         90
   25      25         52         169        224         90
   26      25         55         622        701         90
   27      23         52         261        316         90
   28      23         55         546        593         90
   29      20         50         358        405         90
   30      20         55         449        504         90
   31      10         35         200        237         90
   32      10         40          31        100         90
   33       8         40          87        158         90
   34       8         45         751        816         90
   35       5         35         283        344         90
   36       5         45         665        716         90
   37       2         40         383        434         90
   38       0         40         479        522         90
   39       0         45         567        624         90
   40      35         30         264        321         90
   41      35         32         166        235         90
   42      33         32          68        149         90
   43      33         35          16         80         90
   44      32         30         359        412         90
   45      30         30         541        600         90
   46      30         32         448        509         90
   47      30         35        1054       1127         90
   48      28         30         632        693         90
   49      28         35        1001       1066         90
   50      26         32         815        880         90
   51      25         30         725        786         90
   52      25         35         912        969         90
   53      44          5         286        347         90
   54      42         10         186        257         90
   55      42         15          95        158         90
   56      40          5         385        436         90
   57      40         15          35         87         90
   58      38          5         471        534         90
   59      38         15         651        740         90
   60      35          5         562        629         90
   61      50         30         531        610         90
   62      50         35         262        317         90
   63      50         40         171        218         90
   64      48         30         632        693         90
   65      48         40          76        129         90
   66      47         35         826        875         90
   67      47         40          12         77         90
   68      45         30         734        777         90
   69      45         35         916        969         90
   70      95         30         387        456         90
   71      95         35         293        360         90
   72      53         30         450        505         90
   73      92         30         478        551         90
   74      53         35         353        412         90
   75      45         65         997       1068         90
   76      90         35         203        260         90
   77      88         30         574        643         90
   78      88         35         109        170         90
   79      87         30         668        731         90
   80      85         25         769        820         90
   81      85         35          47        124         90
   82      75         55         369        420         90
   83      72         55         265        338         90
   84      70         58         458        523         90
   85      68         60         555        612         90
   86      66         55         173        238         90
   87      65         55          85        144         90
   88      65         60         645        708         90
   89      63         58         737        802         90
   90      60         55          20         84         90
   91      60         60         836        889         90
   92      67         85         368        441         90
   93      65         85         475        518         90
   94      65         82         285        336         90
   95      62         80         196        239         90
   96      60         80          95        156         90
   97      60         85         561        622         90
   98      58         75          30         84         90
   99      55         80         743        820         90
  100      55         85         647        726         90
