CUST_NO  XCOORD   YCOORD   READY_TIME  DUE_DATE     SERVICE_TIME    VEHICLE_NUMBER
 
    0      40         50           0       1236          0              10
    1      45         68         912        967         90
    2      45         70         825        870         90
    3      42         66          65        146         90
    4      42         68         727        782         90
    5      42         65          15         67         90
    6      40         69         621        702         90
    7      40         66         170        225         90
    8      38         68         255        324         90
    9      38         70         534        605         90
   10      35         66         357        410         90
   11      35         69         448        505         90
   12      25         85         652        721         90
   13      22         75          30         92         90
   14      22         85         567        620         90
   15      20         80         384        429         90
   16      20         85         475        528         90
   17      18         75          99        148         90
   18      15         75         179        254         90
   19      15         80         278        345         90
   20      30         50          10         73         90
   21      30         52         914        965         90
   22      28         52         812        883         90
   23      28         55         732        777         90
   24      25         50          65        144         90
   25      25         52         169        224         90
   26      25         55         622        701         90
   27      23         52         261        316         90
   28      23         55         546        593         90
   29      20         50         358        405         90
   30      20         55         449        504         90
