CUST_NO   XCOORD  YCOORD    READY_TIME  DUE_DATE  SERVICE_TIME    VEHICLE_NUMBER
 
    0      40         50        0       1236          0              25
    1      45         68        0       1127         90
    2      45         70        0       1125         90
    3      42         66        0       1129         90
    4      42         68      727        782         90
    5      42         65        0       1130         90
    6      40         69        0       1127         90
    7      40         66        0       1130         90
    8      38         68      255        324         90
    9      38         70      534        605         90
   10      35         66        0       1129         90
   11      35         69      448        505         90
   12      25         85        0       1107         90
   13      22         75       30         92         90
   14      22         85        0       1106         90
   15      20         80      384        429         90
   16      20         85        0       1105         90
   17      18         75        0       1112         90
   18      15         75        0       1110         90
   19      15         80        0       1106         90
   20      30         50        0       1136         90
   21      30         52        0       1135         90
   22      28         52        0       1133         90
   23      28         55      732        777         90
   24      25         50        0       1131         90
   25      25         52      169        224         90
   26      25         55        0       1130         90
   27      23         52        0       1128         90
   28      23         55        0       1128         90
   29      20         50        0       1126         90
   30      20         55        0       1125         90
   31      10         35        0       1112         90
   32      10         40        0       1114         90
   33       8         40        0       1112         90
   34       8         45        0       1113         90
   35       5         35        0       1107         90
   36       5         45        0       1110         90
   37       2         40        0       1106         90
   38       0         40      479        522         90
   39       0         45        0       1105         90
   40      35         30        0       1125         90
   41      35         32        0       1127         90
   42      33         32        0       1126         90
   43      33         35        0       1129         90
   44      32         30      359        412         90
   45      30         30        0       1123         90
   46      30         32        0       1125         90
   47      30         35        0       1127         90
   48      28         30        0       1122         90
   49      28         35        0       1126         90
   50      26         32        0       1123         90
   51      25         30        0       1121         90
   52      25         35        0       1124         90
   53      44          5      286        347         90
   54      42         10        0       1105         90
   55      42         15       95        158         90
   56      40          5        0       1101         90
   57      40         15        0       1111         90
   58      38          5      471        534         90
   59      38         15        0       1110         90
   60      35          5        0       1100         90
   61      50         30        0       1123         90
   62      50         35      262        317         90
   63      50         40        0       1131         90
   64      48         30        0       1124         90
   65      48         40        0       1133         90
   66      47         35        0       1129         90
   67      47         40       12         77         90
   68      45         30        0       1125         90
   69      45         35      916        969         90
   70      95         30        0       1087         90
   71      95         35        0       1088         90
   72      53         30        0       1122         90
   73      92         30        0       1090         90
   74      53         35      353        412         90
   75      45         65        0       1130         90
   76      90         35      203        260         90
   77      88         30      574        643         90
   78      88         35        0       1095         90
   79      87         30      668        731         90
   80      85         25        0       1094         90
   81      85         35        0       1098         90
   82      75         55        0       1110         90
   83      72         55        0       1113         90
   84      70         58      458        523         90
   85      68         60        0       1116         90
   86      66         55        0       1119         90
   87      65         55       85        144         90
   88      65         60        0       1119         90
   89      63         58        0       1121         90
   90      60         55        0       1125         90
   91      60         60        0       1123         90
   92      67         85      368        441         90
   93      65         85        0       1102         90
   94      65         82        0       1105         90
   95      62         80        0       1108         90
   96      60         80        0       1109         90
   97      60         85        0       1105         90
   98      58         75        0       1115         90
   99      55         80      743        820         90
  100      55         85      647        726         90
