CUST_NO   XCOORD  YCOORD    READY_TIME  DUE_DATE  SERVICE_TIME    VEHICLE_NUMBER
 
    0      40         50        0       1236          0              10
    1      45         68        0       1127         90
    2      45         70        0       1125         90
    3      42         66        0       1129         90
    4      42         68      727        782         90
    5      42         65        0       1130         90
    6      40         69        0       1127         90
    7      40         66        0       1130         90
    8      38         68      255        324         90
    9      38         70      534        605         90
   10      35         66        0       1129         90
   11      35         69      448        505         90
   12      25         85        0       1107         90
   13      22         75       30         92         90
   14      22         85        0       1106         90
   15      20         80      384        429         90
   16      20         85        0       1105         90
   17      18         75        0       1112         90
   18      15         75        0       1110         90
   19      15         80        0       1106         90
   20      30         50        0       1136         90
   21      30         52        0       1135         90
   22      28         52        0       1133         90
   23      28         55      732        777         90
   24      25         50        0       1131         90
   25      25         52      169        224         90
   26      25         55        0       1130         90
   27      23         52        0       1128         90
   28      23         55        0       1128         90
   29      20         50        0       1126         90
   30      20         55        0       1125         90
