CUST_NO   XCOORD   YCOORD    READY_TIME   DUE_DATE   SERVICE_TIME    VEHICLE_NUMBER
 
    0          35      35         0         230           0         10
    1          41      49       161         171          10
    2          35      17        50          60          10
    3          55      45       116         126          10
    4          55      20       149         159          10
    5          15      30        34          44          10
    6          25      30        99         109          10
    7          20      50        81          91          10
    8          10      43        95         105          10
    9          55      60        97         107          10
   10          30      60       124         134          10
   11          20      65        67          77          10
   12          50      35        63          73          10
   13          30      25       159         169          10
   14          15      10        32          42          10
   15          30       5        61          71          10
   16          10      20        75          85          10
   17           5      30       157         167          10
   18          20      40        87          97          10
   19          15      60        76          86          10
   20          45      65       126         136          10
   21          45      20        62          72          10
   22          45      10        97         107          10
   23          55       5        68          78          10
   24          65      35       153         163          10
   25          65      20       172         182          10
   26          45      30       132         142          10
   27          35      40        37          47          10
   28          41      37        39          49          10
   29          64      42        63          73          10
   30          40      60        71          81          10
