CUST_NO   XCOORD  YCOORD    READY_TIME  DUE_DATE  SERVICE_TIME    VEHICLE_NUMBER
 
    0      35         35         0        230          0               25
    1      41         49         0        204         10
    2      35         17         0        202         10
    3      55         45         0        197         10
    4      55         20       149        159         10
    5      15         30         0        199         10
    6      25         30        99        109         10
    7      20         50         0        198         10
    8      10         43        95        105         10
    9      55         60        97        107         10
   10      30         60       124        134         10
   11      20         65        67         77         10
   12      50         35         0        205         10
   13      30         25       159        169         10
   14      15         10         0        187         10
   15      30          5        61         71         10
   16      10         20         0        190         10
   17       5         30       157        167         10
   18      20         40         0        204         10
   19      15         60         0        187         10
   20      45         65         0        188         10
   21      45         20         0        201         10
   22      45         10        97        107         10
   23      55          5        68         78         10
   24      65         35         0        190         10
   25      65         20       172        182         10
   26      45         30         0        208         10
   27      35         40        37         47         10
   28      41         37         0        213         10
   29      64         42         0        190         10
   30      40         60        71         81         10
   31      31         52         0        202         10
   32      35         69         0        186         10
   33      53         52        37         47         10
   34      65         55         0        183         10
   35      63         65       143        153         10
   36       2         60        41         51         10
   37      20         20         0        198         10
   38       5          5        83         93         10
   39      60         12        44         54         10
   40      40         25        85         95         10
   41      42          7        97        107         10
   42      24         12        31         41         10
   43      23          3         0        185         10
   44      11         14        69         79         10
   45       6         38        32         42         10
   46       2         48         0        184         10
   47       8         56         0        185         10
   48      13         52         0        192         10
   49       6         68       108        118         10
   50      47         47         0        203         10
   51      49         58         0        193         10
   52      27         43         0        208         10
   53      37         31        95        105         10
   54      57         29         0        197         10
   55      63         23       136        146         10
   56      53         12       130        140         10
   57      32         12         0        196         10
   58      36         26       200        210         10
   59      21         24         0        202         10
   60      17         34         0        201         10
   61      12         24         0        194         10
   62      24         58        58         68         10
   63      27         69         0        185         10
   64      15         77        73         83         10
   65      62         77        51         61         10
   66      49         73       127        137         10
   67      67          5        83         93         10
   68      56         39       142        152         10
   69      37         47        50         60         10
   70      37         56       182        192         10
   71      57         68         0        180         10
   72      47         16         0        197         10
   73      44         17         0        199         10
   74      46         13       149        159         10
   75      49         11         0        192         10
   76      49         42        73         83         10
   77      53         43       179        189         10
   78      61         52        96        106         10
   79      57         48        92        102         10
   80      56         37       182        192         10
   81      55         54         0        192         10
   82      15         47         0        196         10
   83      14         37         0        198         10
   84      11         31       101        111         10
   85      16         22         0        196         10
   86       4         18         0        184         10
   87      28         18        93        103         10
   88      26         52        74         84         10
   89      26         35         0        211         10
   90      31         67         0        187         10
   91      15         19         0        194         10
   92      22         22        18         28         10
   93      18         24       188        198         10
   94      26         27         0        207         10
   95      25         24         0        205         10
   96      22         27         0        204         10
   97      25         21         0        202         10
   98      19         21         0        198         10
   99      20         26        83         93         10
  100      18         18       185        195         10
