CUST_NO   XCOORD  YCOORD    READY_TIME  DUE_DATE  SERVICE_TIME    VEHICLE_NUMBER
 
    0      35         35          0        230          0              25
    1      41         49          0        204         10
    2      35         17          0        202         10
    3      55         45          0        197         10
    4      55         20        139        169         10
    5      15         30          0        199         10
    6      25         30         89        119         10
    7      20         50          0        198         10
    8      10         43         85        115         10
    9      55         60         87        117         10
   10      30         60        114        144         10
   11      20         65         57         87         10
   12      50         35          0        205         10
   13      30         25        149        179         10
   14      15         10         32         62         10
   15      30          5         51         81         10
   16      10         20         65         95         10
   17       5         30        147        177         10
   18      20         40         77        107         10
   19      15         60         66         96         10
   20      45         65        116        146         10
   21      45         20          0        201         10
   22      45         10         87        117         10
   23      55          5         58         88         10
   24      65         35        143        173         10
   25      65         20        156        186         10
   26      45         30          0        208         10
   27      35         40         27         57         10
   28      41         37         29         59         10
   29      64         42         53         83         10
   30      40         60         61         91         10
   31      31         52          0        202         10
   32      35         69        131        161         10
   33      53         52         27         57         10
   34      65         55          0        183         10
   35      63         65        133        163         10
   36       2         60         41         71         10
   37      20         20          0        198         10
   38       5          5         73        103         10
   39      60         12         34         64         10
   40      40         25         75        105         10
   41      42          7         87        117         10
   42      24         12         25         55         10
   43      23          3        122        152         10
   44      11         14         59         89         10
   45       6         38         29         59         10
   46       2         48        107        137         10
   47       8         56         41         71         10
   48      13         52          0        192         10
   49       6         68         98        128         10
   50      47         47          0        203         10
   51      49         58         78        108         10
   52      27         43          0        208         10
   53      37         31         85        115         10
   54      57         29        130        160         10
   55      63         23        126        156         10
   56      53         12        120        150         10
   57      32         12         91        121         10
   58      36         26        180        210         10
   59      21         24          0        202         10
   60      17         34        152        182         10
   61      12         24         66         96         10
   62      24         58         48         78         10
   63      27         69         34         64         10
   64      15         77         63         93         10
   65      62         77         49         79         10
   66      49         73        117        147         10
   67      67          5         73        103         10
   68      56         39        132        162         10
   69      37         47         40         70         10
   70      37         56        168        198         10
   71      57         68         67         97         10
   72      47         16          0        197         10
   73      44         17         68         98         10
   74      46         13        139        169         10
   75      49         11          0        192         10
   76      49         42         63         93         10
   77      53         43        169        199         10
   78      61         52         86        116         10
   79      57         48         82        112         10
   80      56         37        168        198         10
   81      55         54         84        114         10
   82      15         47          0        196         10
   83      14         37          0        198         10
   84      11         31         91        121         10
   85      16         22          0        196         10
   86       4         18         84        114         10
   87      28         18         83        113         10
   88      26         52         64         94         10
   89      26         35        166        196         10
   90      31         67         85        115         10
   91      15         19          0        194         10
   92      22         22         18         48         10
   93      18         24        169        199         10
   94      26         27          0        207         10
   95      25         24          0        205         10
   96      22         27          0        204         10
   97      25         21        123        153         10
   98      19         21          0        198         10
   99      20         26         73        103         10
  100      18         18        165        195         10
