CUST_NO   XCOORD  YCOORD    READY_TIME  DUE_DATE  SERVICE_TIME    VEHICLE_NUMBER
 
    0      35         35          0        230          0               25
    1      41         49         15        204         10
    2      35         17         18        202         10
    3      55         45         54        187         10
    4      55         20        138        169         10
    5      15         30         20        199         10
    6      25         30         76        131         10
    7      20         50         21        170         10
    8      10         43         87        112         10
    9      55         60         88        115         10
   10      30         60        107        150         10
   11      20         65         57         86         10
   12      50         35         15        192         10
   13      30         25        147        180         10
   14      15         10         32        187         10
   15      30          5         50         81         10
   16      10         20         29        139         10
   17       5         30        124        189         10
   18      20         40         47        136         10
   19      15         60         32        146         10
   20      45         65         79        182         10
   21      45         20         18        195         10
   22      45         10         76        127         10
   23      55          5         58         87         10
   24      65         35         58        190         10
   25      65         20        153        186         10
   26      45         30         58        208         10
   27      35         40          8         75         10
   28      41         37          6        136         10
   29      64         42         29        150         10
   30      40         60         49        102         10
   31      31         52         17        198         10
   32      35         69         67        186         10
   33      53         52         24         92         10
   34      65         55         36        183         10
   35      63         65        116        178         10
   36       2         60         41        112         10
   37      20         20         42        198         10
   38       5          5         74        101         10
   39      60         12         33        110         10
   40      40         25         65        114         10
   41      42          7         72        131         10
   42      24         12         25         91         10
   43      23          3         82        185         10
   44      11         14         59         88         10
   45       6         38         29         99         10
   46       2         48         63        180         10
   47       8         56         34        176         10
   48      13         52         27        192         10
   49       6         68         93        132         10
   50      47         47         41        203         10
   51      49         58         36        149         10
   52      27         43         11        195         10
   53      37         31         87        112         10
   54      57         29         90        197         10
   55      63         23        126        155         10
   56      53         12        106        163         10
   57      32         12         48        163         10
   58      36         26        178        210         10
   59      21         24         17        202         10
   60      17         34         70        201         10
   61      12         24         29        132         10
   62      24         58         46         79         10
   63      27         69         34        172         10
   64      15         77         48        107         10
   65      62         77         49        113         10
   66      49         73        104        159         10
   67      67          5         73        102         10
   68      56         39        117        176         10
   69      37         47         39         70         10
   70      37         56        123        198         10
   71      57         68         39        148         10
   72      47         16         22        197         10
   73      44         17         30        135         10
   74      46         13        138        169         10
   75      49         11         27        192         10
   76      49         42         65         90         10
   77      53         43        168        199         10
   78      61         52         71        130         10
   79      57         48         84        109         10
   80      56         37        135        198         10
   81      55         54         57        140         10
   82      15         47         23        196         10
   83      14         37         21        198         10
   84      11         31         93        118         10
   85      16         22         23        177         10
   86       4         18         49        148         10
   87      28         18         88        107         10
   88      26         52         50        107         10
   89      26         35         68        211         10
   90      31         67         46        153         10
   91      15         19         25        194         10
   92      22         22         18         53         10
   93      18         24        129        199         10
   94      26         27         35        174         10
   95      25         24         14        205         10
   96      22         27         51        204         10
   97      25         21         92        183         10
   98      19         21         21        198         10
   99      20         26         74        101         10
  100      18         18        159        195         10
