CUST_NO   XCOORD    YCOORD    READY_TIME   DUE_DATE   SERVICE_TIME    VEHICLE_NUMBER
 
    0      35         35           0       1000          0                4
    1      41         49         707        848         10
    2      35         17         143        282         10
    3      55         45         527        584         10
    4      55         20         678        801         10
    5      15         30          34        209         10
    6      25         30         415        514         10
    7      20         50         331        410         10
    8      10         43         404        481         10
    9      55         60         400        497         10
   10      30         60         577        632         10
   11      20         65         206        325         10
   12      50         35         228        345         10
   13      30         25         690        827         10
   14      15         10          32        243         10
   15      30          5         175        300         10
   16      10         20         272        373         10
   17       5         30         733        870         10
   18      20         40         377        434         10
   19      15         60         269        378         10
   20      45         65         581        666         10
   21      45         20         214        331         10
   22      45         10         409        494         10
   23      55          5         206        325         10
   24      65         35         704        847         10
   25      65         20         817        956         10
   26      45         30         588        667         10
   27      35         40         104        255         10
   28      41         37         114        255         10
   29      64         42         190        313         10
   30      40         60         259        354         10
   31      31         52         152        275         10
   32      35         69         660        777         10
   33      53         52          45        200         10
   34      65         55         529        614         10
   35      63         65         686        813         10
   36       2         60          41        208         10
   37      20         20         606        693         10
   38       5          5         302        405         10
   39      60         12          33        224         10
   40      40         25         360        437         10
   41      42          7         396        511         10
   42      24         12          25        172         10
   43      23          3         620        705         10
   44      11         14         233        340         10
   45       6         38          29        189         10
   46       2         48         515        628         10
   47       8         56          85        250         10
   48      13         52         773        906         10
   49       6         68         501        540         10
   50      47         47         547        642         10
   51      49         58         348        453         10
   52      27         43         174        299         10
   53      37         31         414        489         10
   54      57         29         641        734         10
   55      63         23         620        739         10
   56      53         12         585        692         10
   57      32         12         421        530         10
   58      36         26         849        980         10
   59      21         24          17        229         10
   60      17         34         721        862         10
   61      12         24         290        377         10
   62      24         58         163        302         10
   63      27         69          34        191         10
   64      15         77         214        333         10
   65      62         77          49        188         10
   66      49         73         592        693         10
   67      67          5         294        401         10
   68      56         39         637        752         10
   69      37         47         162        293         10
   70      37         56         788        968         10
   71      57         68         268        367         10
   72      47         16          31        208         10
   73      44         17         308        399         10
   74      46         13         681        802         10
   75      49         11         236        345         10
   76      49         42         290        373         10
   77      53         43         817        952         10
   78      61         52         384        499         10
   79      57         48         388        465         10
   80      56         37         839        968         10
   81      55         54         411        456         10
   82      15         47         162        289         10
   83      14         37          96        249         10
   84      11         31         436        511         10
   85      16         22         376        461         10
   86       4         18         388        465         10
   87      28         18         420        447         10
   88      26         52         279        388         10
   89      26         35         755        920         10
   90      31         67         392        487         10
   91      15         19         739        866         10
   92      22         22          18        181         10
   93      18         24         811        969         10
   94      26         27         436        503         10
   95      25         24          92        231         10
   96      22         27         607        690         10
   97      25         21         612        673         10
   98      19         21         183        306         10
   99      20         26         333        432         10
  100      18         18         798        965         10
