CUST_NO   XCOORD    YCOORD    READY_TIME   DUE_DATE   SERVICE_TIME    VEHICLE_NUMBER
 
    0      35         35           0       1000          0                25
    1      41         49         707        848         10
    2      35         17         143        282         10
    3      55         45         527        584         10
    4      55         20         678        801         10
    5      15         30          34        209         10
    6      25         30         415        514         10
    7      20         50         331        410         10
    8      10         43         404        481         10
    9      55         60         400        497         10
   10      30         60         577        632         10
   11      20         65         206        325         10
   12      50         35         228        345         10
   13      30         25         690        827         10
   14      15         10          32        243         10
   15      30          5         175        300         10
   16      10         20         272        373         10
   17       5         30         733        870         10
   18      20         40         377        434         10
   19      15         60         269        378         10
   20      45         65         581        666         10
   21      45         20         214        331         10
   22      45         10         409        494         10
   23      55          5         206        325         10
   24      65         35         704        847         10
   25      65         20         817        956         10
   26      45         30         588        667         10
   27      35         40         104        255         10
   28      41         37         114        255         10
   29      64         42         190        313         10
   30      40         60         259        354         10
