CUST_NO   XCOORD    YCOORD    READY_TIME   DUE_DATE   SERVICE_TIME    VEHICLE_NUMBER
 
    0      40         50          0        240          0                  25
    1      25         85        130        190         10
    2      22         75         35         95         10
    3      22         85         94        154         10
    4      20         80        126        186         10
    5      20         85         40        100         10
    6      18         75         80        140         10
    7      15         75         64        124         10
    8      15         80         76        136         10
    9      10         35         76        136         10
   10      10         40        104        164         10
   11       8         40         44        104         10
   12       8         45         49        109         10
   13       5         35        127        187         10
   14       5         45         35         95         10
   15       2         40         43        103         10
   16       0         40         57        117         10
   17       0         45        129        189         10
   18      44          5         72        132         10
   19      42         10         57        117         10
   20      42         15        107        167         10
   21      40          5         52        112         10
   22      40         15         77        137         10
   23      38          5         50        110         10
   24      38         15        133        193         10
   25      35          5        124        184         10
   26      95         30        100        160         10
   27      95         35         57        117         10
   28      92         30         55        115         10
   29      90         35         52        112         10
   30      88         30         59        119         10
   31      88         35         50        110         10
   32      87         30        116        176         10
   33      85         25         51        111         10
   34      85         35         96        156         10
   35      67         85        124        184         10
   36      65         85         43        103         10
   37      65         82        109        169         10
   38      62         80         60        120         10
   39      60         80         36         96         10
   40      60         85         70        130         10
   41      58         75         77        137         10
   42      55         80         33         93         10
   43      55         85        113        173         10
   44      55         82         49        109         10
   45      20         82         37         97         10
   46      18         80         98        158         10
   47       2         45         38         98         10
   48      42          5        124        184         10
   49      42         12         89        149         10
   50      72         35        101        161         10
   51      55         20         68        128         10
   52      25         30         37         97         10
   53      20         50         76        136         10
   54      55         60        124        184         10
   55      30         60        125        185         10
   56      50         35        115        175         10
   57      30         25         81        141         10
   58      15         10        122        182         10
   59      10         20         42        102         10
   60      15         60        140        200         10
   61      45         65         51        111         10
   62      65         35         37         97         10
   63      65         20         39         99         10
   64      45         30         38         98         10
   65      35         40         11         71         10
   66      41         37        118        178         10
   67      64         42         55        115         10
   68      40         60        129        189         10
   69      31         52         26         86         10
   70      35         69        150        210         10
   71      65         55         50        110         10
   72      63         65         27         87         10
   73       2         60         62        122         10
   74      20         20        126        186         10
   75       5          5         59        119         10
   76      60         12         60        120         10
   77      23          3        120        180         10
   78       8         56         75        135         10
   79       6         68         74        134         10
   80      47         47        162        222         10
   81      49         58         71        131         10
   82      27         43         27         87         10
   83      37         31         20         80         10
   84      57         29         81        141         10
   85      63         23         72        132         10
   86      21         24         72        132         10
   87      12         24         75        135         10
   88      24         58         52        112         10
   89      67          5        117        177         10
   90      37         47         71        131         10
   91      49         42        152        212         10
   92      53         43         14         74         10
   93      61         52        148        208         10
   94      57         48         80        140         10
   95      56         37         20         80         10
   96      55         54        117        177         10
   97       4         18        105        165         10
   98      26         52         31         91         10
   99      26         35         62        122         10
  100      31         67        150        210         10
