CUST_NO   XCOORD    YCOORD   READY_TIME   DUE_DATE   SERVICE_TIME    VEHICLE_NUMBER
 
    0      40         50         0        240          0                 25
    1      25         85         0        191         10
    2      22         75         0        199         10
    3      22         85         0        190         10
    4      20         80       141        171         10
    5      20         85         0        189         10
    6      18         75        95        125         10
    7      15         75         0        194         10
    8      15         80        91        121         10
    9      10         35        91        121         10
   10      10         40       119        149         10
   11       8         40        59         89         10
   12       8         45         0        197         10
   13       5         35       142        172         10
   14       5         45         0        194         10
   15       2         40        58         88         10
   16       0         40         0        188         10
   17       0         45       149        179         10
   18      44          5         0        184         10
   19      42         10         0        189         10
   20      42         15         0        194         10
   21      40          5         0        185         10
   22      40         15        92        122         10
   23      38          5        65         95         10
   24      38         15         0        194         10
   25      35          5       154        184         10
   26      95         30         0        171         10
   27      95         35        62         92         10
   28      92         30         0        174         10
   29      90         35         0        177         10
   30      88         30        74        104         10
   31      88         35         0        179         10
   32      87         30         0        178         10
   33      85         25        51         81         10
   34      85         35         0        182         10
   35      67         85       139        169         10
   36      65         85        43         73         10
   37      65         82         0        189         10
   38      62         80        75        105         10
   39      60         80        37         67         10
   40      60         85        85        115         10
   41      58         75        92        122         10
   42      55         80        33         63         10
   43      55         85         0        191         10
   44      55         82        64         94         10
   45      20         82        37         67         10
   46      18         80         0        192         10
   47       2         45         0        191         10
   48      42          5         0        184         10
   49      42         12       104        134         10
   50      72         35         0        194         10
   51      55         20         0        196         10
   52      25         30         0        205         10
   53      20         50        91        121         10
   54      55         60         0        211         10
   55      30         60       140        170         10
   56      50         35       130        160         10
   57      30         25         0        203         10
   58      15         10       152        182         10
   59      10         20         0        187         10
   60      15         60         0        203         10
   61      45         65         0        214         10
   62      65         35        52         82         10
   63      65         20         0        190         10
   64      45         30        53         83         10
   65      35         40        11         41         10
   66      41         37       133        163         10
   67      64         42        70        100         10
   68      40         60       144        174         10
   69      31         52        41         71         10
   70      35         69       180        210         10
   71      65         55         0        204         10
   72      63         65         0        202         10
   73       2         60         0        190         10
   74      20         20       141        171         10
   75       5          5         0        172         10
   76      60         12        75        105         10
   77      23          3       150        180         10
   78       8         56        90        120         10
   79       6         68        89        119         10
   80      47         47       192        222         10
   81      49         58         0        217         10
   82      27         43         0        215         10
   83      37         31         0        210         10
   84      57         29        96        126         10
   85      63         23         0        194         10
   86      21         24         0        197         10
   87      12         24        90        120         10
   88      24         58        67         97         10
   89      67          5         0        177         10
   90      37         47         0        225         10
   91      49         42         0        217         10
   92      53         43        14         44         10
   93      61         52       178        208         10
   94      57         48         0        212         10
   95      56         37         0        209         10
   96      55         54         0        214         10
   97       4         18         0        181         10
   98      26         52         0        215         10
   99      26         35        77        107         10
  100      31         67       180        210         10
