0
317.3007357117299
804.9764494079255
449.7042909147253
1432.0859817588018
325.1347934176616
1232.4920378127617
1388.2398315464359
1406.1856457633783
880.5591410014272
571.6688596301395
1071.0495440211487
826.223374405995
1166.6646892555957
1160.7532608325807
359.6021168888876
1164.0566427004173
1172.4837628097878
518.2179658676389
988.3839340576399
960.2488094968134
1426.5915913337346
1374.8946286916364
1350.5478017212865
339.02789242548084
788.8677559157838
1061.4097952649338
1154.276232822149
1378.7358071996468
1207.4465656993902
1190.2353187506114
1543.2479205015736
944.6151729522029
344.05443762147263
916.1409544886196
1216.9610233625424
1390.6648194760887
988.870763741623
1468.8932664508345
957.1397477566293
1210.0475920832573
710.4865258589672
1126.4927742646748
1236.77238908358
1395.3146097651163
860.8822754764269
876.369316876853
1453.8354209455533
1074.2589488217948
760.5332457867866
1443.6831582463349
1539.3351221526743
997.2428447730823
1091.8479549512858
1205.8450838741742
1423.7131129992124
1454.4311762637135
1543.7538544946508
408.54611747794877
1298.9930203113297
1095.59891580724
824.9699507448086
1104.093098514301
342.2566609008855
337.50710583080553
1385.566124698415
1396.206117236515
1205.890636413326
402.04035618637295
980.3522594566064
1187.556332968908
1276.6511917112634
714.6775033419649
