0
2.6519968045554947
462.98839234612296
94.40964929620523
1055.061771202031
0.0
901.1633601511813
973.0584950029843
976.422640219286
457.58844075668884
76.03699460745742
471.0090762267547
374.357885868438
520.2061529635744
636.0860104749081
0.0
668.3595525490995
794.3263871529684
81.23627833657014
399.6567451278991
580.9373475693496
904.1629705655732
730.9111148495261
855.0906943793357
12.046007566747477
559.0035359977936
496.18253698722765
604.5753180256778
881.5145463327751
636.693258482362
791.8865738424702
991.4533791256714
326.26281022578286
0.0
324.21867603583917
764.7196517742178
839.6042923331447
367.1102218000246
1238.3196445188946
444.26752615513624
576.2953136084338
381.05135775726603
562.1624580568283
497.3522893779431
636.9597831245538
372.8554299473819
561.0684743730519
923.0687789298465
499.12286675065826
330.6938436360308
893.3816580058917
893.0171824410671
496.5653998426993
675.0466506564993
541.3435024450994
785.9566244672122
1050.410731490688
845.2805273918259
0.0
780.5177604822501
660.5573100593533
213.80646102377415
577.5913539347825
0.0
0.0
865.3072790080803
732.5642315681109
674.9076152934074
0.0
454.8171137974755
478.20959306944724
677.3396740596464
114.32725176831153
