0
648.0587727318529
646.3130858379204
702.1718673304874
592.6774793663237
712.0064099930256
523.6351033457111
609.825526462422
539.9580588368357
566.5278756466324
585.6430604494374
567.4928556845359
643.8973961630534
743.3324742039417
510.20465053408526
479.0
574.5121885310753
719.4537276869544
672.1542368455549
679.2729382217517
672.3784975985805
639.0986296274219
551.8497468900185
610.6142715787305
524.2391079425643
565.6198020120156
687.6374693883602
644.5078940808788
482.7455362898703
712.0151480384384
645.9195825344599
691.6491106406735
580.9795788223141
516.4224226149341
490.20110777231133
644.2024843762092
655.0378377568352
