0
644.6142715787305
330.28405652194203
191.96713152915973
576.2572016665107
510.71219600798315
546.7186895590978
635.1320413573357
312.514766067264
348.70262366396366
417.9339490030716
732.8801057506896
658.8627975148231
602.1152823843988
615.4436651025164
551.9020159884526
632.8302643203309
547.2026011071838
576.6092946357742
580.3803164081507
466.5327147254514
310.1743962383252
601.7740090991445
381.55299441181154
303.66579976898225
281.3846820423443
572.2079728939615
735.5876561068426
600.605766584554
401.0792300158816
276.3376611335266
570.1520435046866
601.8812351666267
283.0
620.7478015239893
677.8969606054126
274.68659988661767
