0 1
478.5572320725202 47409.82846159843
523.0364294593597 0.0
702.034832914462 0.0
587.7496425934228 0.0
306.61795207386746 0.0
627.8158742957113 0.0
439.7233960993922 0.0
525.6626372906724 0.0
604.7271465917362 0.0
284.056736790587 0.0
658.942936454517 0.0
410.03998227199605 0.0
505.45581308603744 0.0
569.8494553968513 0.0
497.1713984005513 0.0
549.9413077395302 0.0
428.0862571358226 0.0
703.6901518672034 0.0
563.5662717630536 0.0
836.6351787581191 0.0
486.3201026061116 0.0
712.5408052903869 0.0
648.0804566036497 0.0
586.1224425967763 0.0
710.3190725486234 0.0
325.91437546022945 0.0
683.7299262239245 0.0
514.6606958152656 0.0
641.8557221138328 0.0
436.07757749763516 0.0
340.2043862562089 0.0
441.77290564488123 0.0
266.13210960469473 0.0
640.8534652018016 0.0
199.02274534071722 0.0
281.5907408859938 0.0
625.8498083670795 0.0
423.36732853256717 0.0
532.8746338720462 0.0
472.8564665932854 0.0
625.079398992815 0.0
472.46788686582323 0.0
224.5152565091829 0.0
662.2197721571864 0.0
468.40244564586567 0.0
639.831526974663 0.0
731.7658647833393 0.0
656.4202066221408 0.0
340.06198579764475 0.0
569.1293365890177 0.0
377.183151658798 0.0
694.0158087891124 0.0
534.0284028482558 0.0
467.74176097999816 0.0
554.5979231642609 0.0
502.4370467544356 0.0
699.7410553832333 0.0
445.918090168929 0.0
636.3204161718149 0.0
331.68387526892747 0.0
599.9251583485033 0.0
620.0267683061834 0.0
213.06339031400069 0.0
538.1779700247245 0.0
522.1046000564287 0.0
668.3382907036391 0.0
650.3494424468661 0.0
804.3985060452235 0.0
550.4906192764288 0.0
230.7221247951851 0.0
330.42009501761066 0.0
536.3719730587045 0.0
342.8688132054619 0.0
442.26607941845776 0.0
591.0804551872145 0.0
550.9412044402615 0.0
585.7999520608307 0.0
651.6034614374634 0.0
448.62774645795025 0.0
538.3481956727454 0.0
585.7272501080771 0.0
619.9178697066254 0.0
725.2250796039801 0.0
623.3541379507624 0.0
654.8249957781233 0.0
123.70437394093584 0.0
748.0729414197556 0.0
153.05762467500318 0.0
335.97209579714047 0.0
477.8008498616084 0.0
539.1787842459609 0.0
