0 1
295.1921811516632 8094.100875463277
102.07303764770852 0.0
229.1727308299945 0.0
233.00126140769984 0.0
281.3891357093979 0.0
187.71282787825004 0.0
237.2769205967033 0.0
211.831386466175 0.0
203.72789200711486 0.0
227.57807946622881 0.0
234.7654833066946 0.0
315.26618912115 0.0
267.6381694283652 0.0
154.76083962026811 0.0
222.1349198281363 0.0
253.19890684690583 0.0
320.5030497235629 0.0
219.20303189825236 0.0
302.53565275282875 0.0
250.94781119277854 0.0
271.4336778214729 0.0
198.83765722278247 0.0
126.14452931917779 0.0
317.0838213787362 0.0
259.2234979431083 0.0
323.8408682403127 0.0
292.72311224815434 0.0
213.62553715142147 0.0
141.4124635970108 0.0
192.09432567812314 0.0
148.41340522680358 0.0
213.1985700797633 0.0
189.76421846792397 0.0
162.688404666909 0.0
143.7342833407296 0.0
149.97299620096743 0.0
