0 1
195.42483164341502 17610.119132843774
164.53928712200855 0.0
125.69929688971543 0.0
231.83119356453602 0.0
119.81345668320316 0.0
456.6820670389312 0.0
362.85560657037786 0.0
208.4575620945251 0.0
317.0132531460525 0.0
256.0112375075756 0.0
408.4681350698272 0.0
282.6714181848093 0.0
211.69418968089974 0.0
373.3425829359815 0.0
265.32341268416627 0.0
403.76652604522013 0.0
184.1861210965825 0.0
363.5270451804389 0.0
326.60627602606166 0.0
240.49329370355753 0.0
369.79966107984603 0.0
373.3682596802465 0.0
397.25695383220403 0.0
224.05079713926438 0.0
431.8402641942438 0.0
402.4818490432824 0.0
265.98223406850445 0.0
450.3575960611779 0.0
360.6472425224923 0.0
338.9105930174695 0.0
410.31514405537746 0.0
256.6891042824749 0.0
361.0543245206276 0.0
393.2203886177899 0.0
269.83824387735046 0.0
228.45186523283462 0.0
308.9867291007603 0.0
492.70909973411597 0.0
359.26764478033056 0.0
345.1394003735166 0.0
296.33781378944104 0.0
331.1097649266529 0.0
544.9157397386107 0.0
225.91962545713898 0.0
301.50620725909573 0.0
320.32107663265185 0.0
406.3880817015612 0.0
251.60116960284066 0.0
368.7154272230051 0.0
424.2824586233021 0.0
467.2479671293013 0.0
388.92679235285766 0.0
263.5503559746373 0.0
480.52246435088097 0.0
