0
5166.672993442354
3979.0263878998894
5316.075548143329
5659.669766760754
4062.0062649210645
1986.3095480038032
2869.2871061672236
1387.3108483694573
2797.7057963799302
1188.513243716045
3930.7440396176917
3455.7443025763005
5490.768674133991
3049.216625966291
2470.3179767348565
4337.346189974663
7733.550100929233
3284.2614857494473
6637.206131512194
4471.548108788244
3463.5702376825834
3235.0960125492975
2810.4770633862445
2673.35376190142
3193.1450315000193
3245.7971393703788
3998.579163770575
4660.211111500572
4116.783780794851
4339.808340298141
2348.4027224422844
2104.02209338212
3476.1551288202036
2400.9503329993217
2165.879167836446
5381.420735275746
4703.830726796253
1909.1072242855098
3552.6224292702573
6183.6296074228285
2088.0388543581294
2794.9913093408636
5688.580376860968
2095.7517706503277
5066.204735647737
2892.8225322432872
5465.399854882845
2464.5834018873784
2504.7982480758524
3909.637026829316
6221.430742273848
2266.8582983204533
3583.346535622485
3219.9202954119905
3004.6540705208354
3393.8974415143302
3350.4308587543846
2858.052942396982
4970.603894383717
1722.9561043086687
801.3146483052394
6664.655114223349
1883.471449361507
6211.052404493306
5480.322337260271
5785.56523450808
1352.2973625532463
2105.490182899427
1722.110270868202
7177.930700285389
2264.7474589370504
2944.8618331134185
