0
1480.6373911404241
1188.443117880639
1476.4023698245462
1054.1908291168525
1356.5475186716963
1421.2957828491478
1317.103020547628
1279.7778149829842
1102.2726690747934
1346.824060260757
1259.8048352273227
1300.285892990519
1286.8507964342332
1363.265068700097
1116.9844132909243
1122.9867166422496
1176.3754662568717
1252.1075385358226
1064.6755510831997
1063.1324892758591
955.5890653895259
948.4760818632798
1448.8531810435552
1484.8304763259316
1211.4065194243738
1288.7083174663596
1465.369167459349
1385.9674682388452
694.2278299076171
888.4567225458575
1331.2492035291239
1454.2857081479058
1007.7845611388256
1438.8495636241014
1228.484178129116
1240.812671850773
1359.161435191716
1395.9858243828842
1229.6082604307505
1385.2453136170045
1150.1277124787011
927.605551275464
1451.2042121004927
883.7804971641414
1320.668221713224
1435.845881499642
1384.560035948483
1327.281605759827
1344.0914311307872
1481.3612266207595
1309.1270125314948
1082.735239271838
1383.4353276584948
1416.1468053056105
1071.4192800676424
839.4761663290842
