0 1
320.03724629626015 39468.597428472654
340.1580581592918 0.0
562.0829830787253 0.0
506.905417846851 0.0
319.0575770924727 0.0
508.80441935966286 0.0
528.4364893093351 0.0
345.00764240310855 0.0
402.6772430215059 0.0
432.4939254212967 0.0
343.41636610313697 0.0
169.19212200686565 0.0
533.1297407032921 0.0
592.7490471382722 0.0
322.6199722260758 0.0
621.5708726484937 0.0
111.90817120974376 0.0
457.0459463181726 0.0
366.47690887318515 0.0
158.1246704467382 0.0
708.1145789810121 0.0
327.894582679235 0.0
306.8642353001777 0.0
459.55535245020417 0.0
588.6068122301637 0.0
670.6152832669741 0.0
190.24244007770028 0.0
575.0459520211493 0.0
526.5815667960105 0.0
267.89739258386885 0.0
197.2244392409032 0.0
135.21805214739663 0.0
120.7963194633137 0.0
272.6630226706251 0.0
598.1036966953961 0.0
526.6434106878942 0.0
607.3866448161423 0.0
425.30972042290136 0.0
659.2547762750021 0.0
322.5395152372602 0.0
437.6520744045429 0.0
365.031628582229 0.0
448.72833060091165 0.0
586.6610347259074 0.0
291.15358829788806 0.0
685.4620937875729 0.0
410.71440445863936 0.0
515.9540622141689 0.0
285.8157634573255 0.0
440.8367907116781 0.0
453.8398787020607 0.0
519.5901717740608 0.0
463.3360852929984 0.0
345.364000744677 0.0
560.5328455790153 0.0
484.9461370330812 0.0
550.7883748689543 0.0
112.77672728669579 0.0
591.2295091596964 0.0
442.9258704706003 0.0
263.6393731979517 0.0
430.90674988301396 0.0
650.4085681691594 0.0
293.9863604350397 0.0
529.9182785267382 0.0
422.518334417859 0.0
537.4366309850695 0.0
251.48765831915279 0.0
561.3776268494764 0.0
376.47251233206066 0.0
662.9161648885251 0.0
540.6231621100019 0.0
599.8191741397015 0.0
540.871865719838 0.0
239.44870751888962 0.0
376.6483946840523 0.0
470.6043807591372 0.0
169.14971463763908 0.0
494.75643034123823 0.0
537.2775409668093 0.0
405.60980111373027 0.0
609.6151173574476 0.0
455.55860822513534 0.0
517.3613928818775 0.0
653.0550365671315 0.0
476.33352726147064 0.0
329.4975102519255 0.0
530.7405116472585 0.0
583.1174927311206 0.0
535.6488156956934 0.0
