0
907.8058436014987
465.5703296631047
163.8588445791836
776.9259054311119
1099.8201852785314
977.4358042380899
845.6047492659778
1176.5935853571232
876.7314732441517
766.2579843173932
949.2456829176581
1038.0289794216892
941.2043082847998
845.2940348479374
699.1125867902441
772.1655250605965
698.2081077664456
292.3613345177435
1034.1461056824287
340.2799897936939
819.0634601017102
1090.0422472365176
155.3185146996858
993.9666592559653
976.4306188040437
714.0595335075037
940.5116262360133
407.8113883008419
205.3303959959562
1124.214034007931
884.9120011861517
1078.1371182606183
1054.3660468183516
760.9385090937232
422.71660957900804
1051.3766385365573
714.4256304286127
1054.4541473663458
1036.6002257333466
723.5991975274842
925.5218871933215
759.7978872846517
490.8268839128881
237.05452504868333
940.4724857647748
228.85695008995998
1198.325452946428
251.02818855402205
742.8053450525078
289.7382442743858
739.0864569745552
1176.832975677895
398.04893591917687
1118.7185461430047
976.664869708418
