0 1
346.2959521377305 13558.537062381996
108.44311788063895 0.0
247.00225299993417 0.0
334.19082911685246 0.0
276.54751867169625 0.0
392.3278155434379 0.0
327.10302054762803 0.0
289.7778149829838 0.0
112.27266907479344 0.0
291.2730522915386 0.0
188.63847561632576 0.0
310.28589299051873 0.0
296.850796434233 0.0
283.26506870009706 0.0
306.9844132909244 0.0
132.98671664224946 0.0
276.3754662568715 0.0
192.48841902006384 0.0
254.67555108319954 0.0
253.13248927585897 0.0
145.58906538952584 0.0
138.47608186327966 0.0
289.8735984261183 0.0
314.8304763259314 0.0
311.40651942437364 0.0
160.93191784891766 0.0
229.52330941268053 0.0
305.96746823884524 0.0
84.17259186358905 0.0
78.45672254585747 0.0
185.00142694500587 0.0
284.28570814790567 0.0
197.78456113882555 0.0
268.84956362410156 0.0
328.4841781291159 0.0
250.81267185077297 0.0
279.1614351917162 0.0
231.0454400498919 0.0
149.60826043075056 0.0
305.2453136170045 0.0
192.22488839068333 0.0
47.87660199344367 0.0
371.2042121004923 0.0
85.47888121510753 0.0
240.66822171322391 0.0
355.8458814996421 0.0
304.5600359484829 0.0
247.28160575982702 0.0
354.0914311307871 0.0
241.94855975818297 0.0
229.1270125314948 0.0
362.7352392718378 0.0
213.43532765849451 0.0
260.7400739917815 0.0
171.41928006764235 0.0
119.47616632908412 0.0
