0
0.0
0.0
0.0
150.09059662122127
0.0
59.69758108971689
0.0
132.72334282730503
0.0
114.25069705161172
0.0
721.2917960675006
0.0
51.131495988720786
503.79436451406264
216.38366919338728
526.2614462911557
0.0
0.0
360.8982824943655
0.0
0.0
0.0
141.75721422097365
0.0
0.0
0.0
0.0
0.0
0.0
0.0
0.0
320.1712964191263
124.22728349411011
0.0
828.7764178500616
248.8366278024804
199.66787367572863
0.0
0.0
0.0
0.0
131.42767279962573
0.0
65.62427988368506
0.0
0.0
0.0
0.0
114.08917027830853
0.0
0.0
188.5050529499615
0.0
69.81639882048114
343.95184018203685
0.0
494.5235702280526
0.0
0.0
0.0
435.58231476307037
0.0
0.0
0.0
73.84176979604797
370.2813208099699
109.13172592466933
0.0
62.28051407238968
0.0
196.26973512735276
0.0
64.23352761960882
0.0
0.0
152.07240048378344
0.0
212.71838148122185
133.28850522647338
409.13755783215925
0.0
0.0
0.0
0.0
0.0
0.0
0.0
0.0
0.0
