0 1
204.64873890717442 27559.245709774677
241.9880570618025 0.0
275.2946416185201 0.0
287.024210556771 0.0
235.13479341766168 0.0
241.32867766158023 0.0
325.1813365434517 0.0
339.7630055440924 0.0
322.97070024473817 0.0
405.6318650226822 0.0
500.04046779439386 0.0
351.86548853755687 0.0
546.4585362920213 0.0
424.66725035767274 0.0
259.6021168888875 0.0
395.6970901513181 0.0
298.1573756568193 0.0
336.9816875310687 0.0
488.72718892974075 0.0
259.3114619274637 0.0
422.4286207681614 0.0
533.9835138421105 0.0
365.4571073419508 0.0
216.98188485873337 0.0
149.86421991799025 0.0
455.22725827770626 0.0
439.7009147964711 0.0
387.2212608668716 0.0
460.7533072170283 0.0
288.34874490814127 0.0
441.7945413759022 0.0
508.3523627264201 0.0
234.05443762147266 0.0
481.9222784527803 0.0
352.24137158832457 0.0
451.06052714294367 0.0
501.7605419415984 0.0
110.57362193193987 0.0
412.87222160149304 0.0
513.7522784748235 0.0
209.43516810170115 0.0
444.3303162078464 0.0
619.4200997056369 0.0
638.3548266405624 0.0
368.02684552904486 0.0
195.3008425038011 0.0
430.766642015707 0.0
455.13608207113646 0.0
309.8394021507557 0.0
430.30150024044315 0.0
536.3179397116072 0.0
380.6774449303831 0.0
316.8013042947865 0.0
534.5015814290748 0.0
507.7564885320002 0.0
304.0204447730255 0.0
588.473327102825 0.0
278.54611747794877 0.0
408.47525982907956 0.0
305.0416057478869 0.0
481.16348972103447 0.0
396.50174457951823 0.0
202.25666090088552 0.0
227.50710583080556 0.0
420.2588456903346 0.0
523.641885668404 0.0
420.9830211199186 0.0
272.0403561863729 0.0
385.5351456591308 0.0
559.3467398994608 0.0
469.311517651617 0.0
470.3502515736534 0.0
