0
1216.552945357247
1165.4001879697587
1420.4284271283536
1329.8429913031446
1424.4311762637135
1117.4212402623682
1133.6646892555957
925.1397477566293
1334.0838690133846
639.0394462021628
1168.1918955655506
1563.7037328994684
1358.862875741182
1053.400947541038
1128.6563407675255
1280.4001278771857
1361.1856457633783
1360.7810835958612
1424.7486647077105
1488.7644071666093
1505.2479205015736
1224.1657078585877
1275.4755920956575
1329.6105483726662
1339.9779375974294
1297.9897316176825
1168.0475920832573
1428.8184844773814
1336.7129982954898
1042.3297763649043
1380.1338308450954
1026.0118641110537
1309.4854285735398
1160.7989693922525
1032.8109837060435
1341.6393476082371
1394.8412745336682
1079.362893754963
1408.617977996997
1387.2520248552557
1158.7915842614839
1303.0138897714453
1496.578010129205
1093.1531769122237
1355.0288111551201
1294.5159563633806
1415.679770046975
1062.7997070885406
1099.7724124802285
1159.5516182721256
1533.9306445808988
1225.4761877462834
1303.8173421358424
1384.9317652729776
1504.4330561064419
1598.415455156517
1197.653580205717
1391.2564001175174
1470.568025228716
1049.2589488217948
947.085720793257
1312.5478017212865
1394.7131129992124
1601.0
1257.4456666837496
1230.0519652332994
815.369316876853
1103.9600968826842
986.0445183839507
1598.3431361950186
1020.8673080574077
1208.464249196573
